          R (AU)    Sigma_totale           Omega            Visc            Tmid            Teff              Cs               H             Rho        Pressure            Pbar
   0.2408080E-01   0.6201164E+04   0.8911450E-01   0.2273649E+16   0.1211156E+06   0.5308036E+04   0.2138894E+05   0.2691317E-02   0.7732005E-07   0.1126525E+06   0.1126525E+00
   0.2499503E-01   0.8731537E+04   0.7968926E-01   0.3199419E+16   0.1611660E+06   0.6124044E+04   0.2467323E+05   0.3283038E-02   0.8924802E-07   0.1730298E+06   0.1730298E+00
   0.2594398E-01   0.1057476E+05   0.7126088E-01   0.3925818E+16   0.1870071E+06   0.6575232E+04   0.2657775E+05   0.3739749E-02   0.9488810E-07   0.2134610E+06   0.2134610E+00
   0.2692895E-01   0.1204100E+05   0.6372394E-01   0.4554457E+16   0.2051589E+06   0.6854864E+04   0.2783776E+05   0.4142217E-02   0.9754688E-07   0.2407423E+06   0.2407423E+00
   0.2795132E-01   0.1325498E+05   0.5698414E-01   0.5123914E+16   0.2182636E+06   0.7032058E+04   0.2871308E+05   0.4518067E-02   0.9844877E-07   0.2584880E+06   0.2584880E+00
   0.2901250E-01   0.1428288E+05   0.5095719E-01   0.5653674E+16   0.2277382E+06   0.7140637E+04   0.2932967E+05   0.4880386E-02   0.9820765E-07   0.2690481E+06   0.2690481E+00
   0.3011397E-01   0.1516527E+05   0.4556768E-01   0.6155162E+16   0.2344609E+06   0.7200057E+04   0.2975941E+05   0.5236556E-02   0.9718254E-07   0.2740989E+06   0.2740989E+00
   0.3125726E-01   0.1592944E+05   0.4074819E-01   0.6635748E+16   0.2390268E+06   0.7222695E+04   0.3004778E+05   0.5591239E-02   0.9560401E-07   0.2748978E+06   0.2748978E+00
   0.3244395E-01   0.1659489E+05   0.3643843E-01   0.7100505E+16   0.2418642E+06   0.7216985E+04   0.3022560E+05   0.5947643E-02   0.9362963E-07   0.2724166E+06   0.2724166E+00
   0.3367570E-01   0.1717627E+05   0.3258451E-01   0.7553103E+16   0.2432951E+06   0.7188970E+04   0.3031488E+05   0.6308123E-02   0.9137188E-07   0.2674205E+06   0.2674205E+00
   0.3495421E-01   0.1768493E+05   0.2913819E-01   0.7996296E+16   0.2435693E+06   0.7143144E+04   0.3033196E+05   0.6674504E-02   0.8891359E-07   0.2605190E+06   0.2605190E+00
   0.3628126E-01   0.1812994E+05   0.2605637E-01   0.8432220E+16   0.2428854E+06   0.7082950E+04   0.3028934E+05   0.7048272E-02   0.8631722E-07   0.2522014E+06   0.2522014E+00
   0.3765869E-01   0.1851870E+05   0.2330051E-01   0.8862569E+16   0.2414042E+06   0.7011088E+04   0.3019684E+05   0.7430682E-02   0.8363065E-07   0.2428617E+06   0.2428617E+00
   0.3908841E-01   0.1885735E+05   0.2083612E-01   0.9288719E+16   0.2392581E+06   0.6929714E+04   0.3006232E+05   0.7822830E-02   0.8089107E-07   0.2328177E+06   0.2328177E+00
   0.4057242E-01   0.1915110E+05   0.1863238E-01   0.9711805E+16   0.2365574E+06   0.6840581E+04   0.2989217E+05   0.8225705E-02   0.7812758E-07   0.2223257E+06   0.2223257E+00
   0.4211276E-01   0.1940438E+05   0.1666171E-01   0.1013278E+17   0.2333947E+06   0.6745126E+04   0.2969167E+05   0.8640217E-02   0.7536313E-07   0.2115917E+06   0.2115917E+00
   0.4371159E-01   0.1962103E+05   0.1489948E-01   0.1055246E+17   0.2298486E+06   0.6644545E+04   0.2946525E+05   0.9067225E-02   0.7261581E-07   0.2007806E+06   0.2007806E+00
   0.4537112E-01   0.1980440E+05   0.1332363E-01   0.1097155E+17   0.2259861E+06   0.6539840E+04   0.2921662E+05   0.9507550E-02   0.6989994E-07   0.1900235E+06   0.1900235E+00
   0.4709365E-01   0.1995743E+05   0.1191445E-01   0.1139065E+17   0.2218646E+06   0.6431858E+04   0.2894898E+05   0.9961989E-02   0.6722677E-07   0.1794234E+06   0.1794234E+00
   0.4888157E-01   0.2008273E+05   0.1065431E-01   0.1181031E+17   0.2175337E+06   0.6321319E+04   0.2866503E+05   0.1043133E-01   0.6460511E-07   0.1690605E+06   0.1690605E+00
   0.5073738E-01   0.2018263E+05   0.9527452E-02   0.1223101E+17   0.2130360E+06   0.6208836E+04   0.2836715E+05   0.1091634E-01   0.6204179E-07   0.1589960E+06   0.1589960E+00
   0.5266364E-01   0.2025921E+05   0.8519776E-02   0.1265317E+17   0.2084087E+06   0.6094938E+04   0.2805738E+05   0.1141781E-01   0.5954201E-07   0.1492753E+06   0.1492753E+00
   0.5466304E-01   0.2031436E+05   0.7618678E-02   0.1307719E+17   0.2036839E+06   0.5980077E+04   0.2773752E+05   0.1193652E-01   0.5710963E-07   0.1399313E+06   0.1399313E+00
   0.5673834E-01   0.2034977E+05   0.6812884E-02   0.1350343E+17   0.1988896E+06   0.5864648E+04   0.2740913E+05   0.1247325E-01   0.5474744E-07   0.1309859E+06   0.1309859E+00
   0.5889243E-01   0.2036699E+05   0.6092316E-02   0.1393221E+17   0.1940501E+06   0.5748989E+04   0.2707360E+05   0.1302881E-01   0.5245731E-07   0.1224527E+06   0.1224527E+00
   0.6112830E-01   0.2036743E+05   0.5447959E-02   0.1436385E+17   0.1891865E+06   0.5633395E+04   0.2673217E+05   0.1360402E-01   0.5024037E-07   0.1143383E+06   0.1143383E+00
   0.6344906E-01   0.2035237E+05   0.4871753E-02   0.1479861E+17   0.1843173E+06   0.5518121E+04   0.2638592E+05   0.1419971E-01   0.4809715E-07   0.1066434E+06   0.1066434E+00
   0.6585793E-01   0.2032299E+05   0.4356490E-02   0.1523677E+17   0.1794584E+06   0.5403389E+04   0.2603580E+05   0.1481673E-01   0.4602765E-07   0.9936448E+05   0.9936448E-01
   0.6835825E-01   0.2028037E+05   0.3895723E-02   0.1567858E+17   0.1746237E+06   0.5289391E+04   0.2568270E+05   0.1545598E-01   0.4403147E-07   0.9249431E+05   0.9249431E-01
   0.7095349E-01   0.2022553E+05   0.3483690E-02   0.1612427E+17   0.1698252E+06   0.5176294E+04   0.2532738E+05   0.1611834E-01   0.4210787E-07   0.8602292E+05   0.8602292E-01
   0.7364727E-01   0.2015937E+05   0.3115236E-02   0.1657407E+17   0.1650734E+06   0.5064243E+04   0.2497053E+05   0.1680475E-01   0.4025582E-07   0.7993821E+05   0.7993821E-01
   0.7644331E-01   0.2008276E+05   0.2785751E-02   0.1702819E+17   0.1603771E+06   0.4953363E+04   0.2461276E+05   0.1751616E-01   0.3847407E-07   0.7422652E+05   0.7422652E-01
   0.7934551E-01   0.1999648E+05   0.2491115E-02   0.1748685E+17   0.1557439E+06   0.4843760E+04   0.2425463E+05   0.1825356E-01   0.3676120E-07   0.6887306E+05   0.6887306E-01
   0.8235789E-01   0.1990127E+05   0.2227641E-02   0.1795025E+17   0.1511804E+06   0.4735528E+04   0.2389664E+05   0.1901797E-01   0.3511563E-07   0.6386230E+05   0.6386230E-01
   0.8548464E-01   0.1979781E+05   0.1992033E-02   0.1841857E+17   0.1466921E+06   0.4628744E+04   0.2353924E+05   0.1981043E-01   0.3353567E-07   0.5917826E+05   0.5917826E-01
   0.8873009E-01   0.1968674E+05   0.1781345E-02   0.1889200E+17   0.1422835E+06   0.4523475E+04   0.2318283E+05   0.2063204E-01   0.3201956E-07   0.5480478E+05   0.5480478E-01
   0.9209876E-01   0.1956865E+05   0.1592940E-02   0.1937073E+17   0.1379584E+06   0.4419778E+04   0.2282776E+05   0.2148391E-01   0.3056548E-07   0.5072570E+05   0.5072570E-01
   0.9559533E-01   0.1944408E+05   0.1424462E-02   0.1985494E+17   0.1337200E+06   0.4317699E+04   0.2247436E+05   0.2236721E-01   0.2917155E-07   0.4692503E+05   0.4692503E-01
   0.9922464E-01   0.1931357E+05   0.1273803E-02   0.2034479E+17   0.1295707E+06   0.4217276E+04   0.2212293E+05   0.2328313E-01   0.2783588E-07   0.4338710E+05   0.4338710E-01
   0.1029917E+00   0.1917758E+05   0.1139079E-02   0.2084048E+17   0.1255125E+06   0.4118540E+04   0.2177372E+05   0.2423291E-01   0.2655657E-07   0.4009661E+05   0.4009661E-01
   0.1069019E+00   0.1903657E+05   0.1018603E-02   0.2134215E+17   0.1215467E+06   0.4021514E+04   0.2142697E+05   0.2521785E-01   0.2533171E-07   0.3703876E+05   0.3703876E-01
   0.1109604E+00   0.1889097E+05   0.9108704E-03   0.2184999E+17   0.1176744E+06   0.3926216E+04   0.2108289E+05   0.2623927E-01   0.2415940E-07   0.3419927E+05   0.3419927E-01
   0.1151731E+00   0.1874115E+05   0.8145317E-03   0.2236415E+17   0.1138961E+06   0.3832659E+04   0.2074167E+05   0.2729854E-01   0.2303778E-07   0.3156445E+05   0.3156445E-01
   0.1195457E+00   0.1858751E+05   0.7283824E-03   0.2288481E+17   0.1102121E+06   0.3740851E+04   0.2040346E+05   0.2839710E-01   0.2196499E-07   0.2912118E+05   0.2912118E-01
   0.1240843E+00   0.1843037E+05   0.6513446E-03   0.2341211E+17   0.1066224E+06   0.3650795E+04   0.2006843E+05   0.2953642E-01   0.2093920E-07   0.2685699E+05   0.2685699E-01
   0.1287952E+00   0.1827008E+05   0.5824548E-03   0.2394624E+17   0.1031266E+06   0.3562491E+04   0.1973670E+05   0.3071803E-01   0.1995864E-07   0.2475999E+05   0.2475999E-01
   0.1336849E+00   0.1810693E+05   0.5208512E-03   0.2448734E+17   0.9972428E+05   0.3475935E+04   0.1940839E+05   0.3194351E-01   0.1902155E-07   0.2281894E+05   0.2281894E-01
   0.1387603E+00   0.1794121E+05   0.4657631E-03   0.2503558E+17   0.9641456E+05   0.3391121E+04   0.1908361E+05   0.3321450E-01   0.1812624E-07   0.2102321E+05   0.2102321E-01
   0.1440284E+00   0.1777319E+05   0.4165014E-03   0.2559111E+17   0.9319656E+05   0.3308040E+04   0.1876243E+05   0.3453271E-01   0.1727104E-07   0.1936275E+05   0.1936275E-01
   0.1494965E+00   0.1760313E+05   0.3724500E-03   0.2615411E+17   0.9006920E+05   0.3226679E+04   0.1844494E+05   0.3589989E-01   0.1645434E-07   0.1782812E+05   0.1782812E-01
   0.1551722E+00   0.1743126E+05   0.3330576E-03   0.2672472E+17   0.8703126E+05   0.3147025E+04   0.1813121E+05   0.3731788E-01   0.1567456E-07   0.1641041E+05   0.1641041E-01
   0.1610633E+00   0.1725780E+05   0.2978316E-03   0.2730311E+17   0.8408141E+05   0.3069063E+04   0.1782129E+05   0.3878855E-01   0.1493020E-07   0.1510129E+05   0.1510129E-01
   0.1671782E+00   0.1708296E+05   0.2663313E-03   0.2788944E+17   0.8121820E+05   0.2992775E+04   0.1751523E+05   0.4031388E-01   0.1421976E-07   0.1389295E+05   0.1389295E-01
   0.1735251E+00   0.1690695E+05   0.2381626E-03   0.2848387E+17   0.7844013E+05   0.2918142E+04   0.1721307E+05   0.4189588E-01   0.1354184E-07   0.1277805E+05   0.1277805E-01
   0.1801131E+00   0.1672994E+05   0.2129732E-03   0.2908657E+17   0.7574561E+05   0.2845146E+04   0.1691484E+05   0.4353667E-01   0.1289505E-07   0.1174976E+05   0.1174976E-01
   0.1869512E+00   0.1655212E+05   0.1904480E-03   0.2969769E+17   0.7313299E+05   0.2773764E+04   0.1662057E+05   0.4523842E-01   0.1227806E-07   0.1080169E+05   0.1080169E-01
   0.1940488E+00   0.1637364E+05   0.1703052E-03   0.3031740E+17   0.7060058E+05   0.2703974E+04   0.1633027E+05   0.4700339E-01   0.1168960E-07   0.9927883E+04   0.9927883E-02
   0.2014160E+00   0.1619465E+05   0.1522928E-03   0.3094586E+17   0.6814667E+05   0.2635755E+04   0.1604396E+05   0.4883393E-01   0.1112842E-07   0.9122775E+04   0.9122775E-02
   0.2090628E+00   0.1601531E+05   0.1361854E-03   0.3158324E+17   0.6576949E+05   0.2569082E+04   0.1576164E+05   0.5073245E-01   0.1059335E-07   0.8381202E+04   0.8381202E-02
   0.2169999E+00   0.1583574E+05   0.1217817E-03   0.3222970E+17   0.6346726E+05   0.2503931E+04   0.1548332E+05   0.5270148E-01   0.1008322E-07   0.7698352E+04   0.7698352E-02
   0.2252384E+00   0.1565608E+05   0.1089014E-03   0.3288541E+17   0.6123821E+05   0.2440279E+04   0.1520899E+05   0.5474361E-01   0.9596951E-08   0.7069757E+04   0.7069757E-02
   0.2337897E+00   0.1547644E+05   0.9738341E-04   0.3355054E+17   0.5908055E+05   0.2378099E+04   0.1493865E+05   0.5686156E-01   0.9133475E-08   0.6491263E+04   0.6491263E-02
   0.2426656E+00   0.1529693E+05   0.8708360E-04   0.3422526E+17   0.5699247E+05   0.2317368E+04   0.1467229E+05   0.5905811E-01   0.8691778E-08   0.5959019E+04   0.5959019E-02
   0.2518785E+00   0.1511767E+05   0.7787316E-04   0.3490974E+17   0.5497219E+05   0.2258060E+04   0.1440989E+05   0.6133616E-01   0.8270884E-08   0.5469450E+04   0.5469450E-02
   0.2614411E+00   0.1493874E+05   0.6963687E-04   0.3560415E+17   0.5301793E+05   0.2200148E+04   0.1415144E+05   0.6369873E-01   0.7869859E-08   0.5019245E+04   0.5019245E-02
   0.2713668E+00   0.1476024E+05   0.6227169E-04   0.3630867E+17   0.5112792E+05   0.2143608E+04   0.1389691E+05   0.6614891E-01   0.7487803E-08   0.4605335E+04   0.4605335E-02
   0.2816694E+00   0.1458225E+05   0.5568549E-04   0.3702346E+17   0.4930041E+05   0.2088413E+04   0.1364628E+05   0.6868995E-01   0.7123856E-08   0.4224880E+04   0.4224880E-02
   0.2923630E+00   0.1440486E+05   0.4979589E-04   0.3774871E+17   0.4753366E+05   0.2034539E+04   0.1339954E+05   0.7132518E-01   0.6777194E-08   0.3875251E+04   0.3875251E-02
   0.3034627E+00   0.1422814E+05   0.4452920E-04   0.3848458E+17   0.4582598E+05   0.1981958E+04   0.1315664E+05   0.7405807E-01   0.6447026E-08   0.3554020E+04   0.3554020E-02
   0.3149838E+00   0.1405215E+05   0.3981955E-04   0.3923127E+17   0.4417566E+05   0.1930647E+04   0.1291757E+05   0.7689221E-01   0.6132596E-08   0.3258938E+04   0.3258938E-02
   0.3269422E+00   0.1387697E+05   0.3560801E-04   0.3998895E+17   0.4258105E+05   0.1880579E+04   0.1268228E+05   0.7983131E-01   0.5833178E-08   0.2987929E+04   0.2987929E-02
   0.3393547E+00   0.1370266E+05   0.3184191E-04   0.4075780E+17   0.4104051E+05   0.1831729E+04   0.1245075E+05   0.8287924E-01   0.5548081E-08   0.2739077E+04   0.2739077E-02
   0.3522385E+00   0.1352926E+05   0.2847414E-04   0.4153800E+17   0.3955244E+05   0.1784072E+04   0.1222294E+05   0.8603999E-01   0.5276641E-08   0.2510611E+04   0.2510611E-02
   0.3656113E+00   0.1335684E+05   0.2546256E-04   0.4232973E+17   0.3811527E+05   0.1737583E+04   0.1199882E+05   0.8931769E-01   0.5018223E-08   0.2300899E+04   0.2300899E-02
   0.3794919E+00   0.1318543E+05   0.2276950E-04   0.4313319E+17   0.3672745E+05   0.1692237E+04   0.1177835E+05   0.9271664E-01   0.4772221E-08   0.2108434E+04   0.2108434E-02
   0.3938994E+00   0.1301509E+05   0.2036127E-04   0.4394856E+17   0.3538747E+05   0.1648011E+04   0.1156149E+05   0.9624127E-01   0.4538055E-08   0.1931826E+04   0.1931826E-02
   0.4088540E+00   0.1284586E+05   0.1820775E-04   0.4477602E+17   0.3409386E+05   0.1604879E+04   0.1134821E+05   0.9989618E-01   0.4315171E-08   0.1769794E+04   0.1769794E-02
   0.4243762E+00   0.1267777E+05   0.1628200E-04   0.4561577E+17   0.3284515E+05   0.1562818E+04   0.1113845E+05   0.1036862E+00   0.4103039E-08   0.1621159E+04   0.1621159E-02
   0.4404878E+00   0.1251085E+05   0.1455992E-04   0.4646799E+17   0.3163996E+05   0.1521806E+04   0.1093219E+05   0.1076161E+00   0.3901155E-08   0.1484833E+04   0.1484833E-02
   0.4572111E+00   0.1234514E+05   0.1301999E-04   0.4733287E+17   0.3047688E+05   0.1481817E+04   0.1072938E+05   0.1116912E+00   0.3709034E-08   0.1359816E+04   0.1359816E-02
   0.4745693E+00   0.1218067E+05   0.1164292E-04   0.4821061E+17   0.2935459E+05   0.1442830E+04   0.1052997E+05   0.1159167E+00   0.3526216E-08   0.1245184E+04   0.1245184E-02
   0.4925865E+00   0.1201746E+05   0.1041150E-04   0.4910139E+17   0.2827177E+05   0.1404822E+04   0.1033393E+05   0.1202981E+00   0.3352260E-08   0.1140090E+04   0.1140090E-02
   0.5112877E+00   0.1185554E+05   0.9310324E-05   0.5000542E+17   0.2722713E+05   0.1367771E+04   0.1014122E+05   0.1248411E+00   0.3186746E-08   0.1043754E+04   0.1043754E-02
   0.5306989E+00   0.1169492E+05   0.8325613E-05   0.5092288E+17   0.2621945E+05   0.1331655E+04   0.9951783E+04   0.1295516E+00   0.3029272E-08   0.9554555E+03   0.9554555E-03
   0.5508471E+00   0.1153562E+05   0.7445050E-05   0.5185396E+17   0.2524749E+05   0.1296452E+04   0.9765585E+04   0.1344356E+00   0.2879457E-08   0.8745355E+03   0.8745355E-03
   0.5717602E+00   0.1137767E+05   0.6657621E-05   0.5279887E+17   0.2431009E+05   0.1262142E+04   0.9582580E+04   0.1394995E+00   0.2736934E-08   0.8003862E+03   0.8003862E-03
   0.5934673E+00   0.1122107E+05   0.5953474E-05   0.5375779E+17   0.2340610E+05   0.1228703E+04   0.9402725E+04   0.1447499E+00   0.2601356E-08   0.7324492E+03   0.7324492E-03
   0.6159985E+00   0.1106584E+05   0.5323802E-05   0.5473092E+17   0.2253441E+05   0.1196115E+04   0.9225974E+04   0.1501935E+00   0.2472390E-08   0.6702113E+03   0.6702113E-03
   0.6393851E+00   0.1091198E+05   0.4760727E-05   0.5571845E+17   0.2169393E+05   0.1164359E+04   0.9052285E+04   0.1558373E+00   0.2349719E-08   0.6132009E+03   0.6132009E-03
   0.6636596E+00   0.1075951E+05   0.4257207E-05   0.5672057E+17   0.2088360E+05   0.1133414E+04   0.8881614E+04   0.1616886E+00   0.2233042E-08   0.5609847E+03   0.5609847E-03
   0.6888557E+00   0.1060843E+05   0.3806941E-05   0.5773748E+17   0.2010242E+05   0.1103261E+04   0.8713916E+04   0.1677549E+00   0.2122070E-08   0.5131647E+03   0.5131647E-03
   0.7150083E+00   0.1045874E+05   0.3404298E-05   0.5876937E+17   0.1934939E+05   0.1073881E+04   0.8549147E+04   0.1740439E+00   0.2016529E-08   0.4693754E+03   0.4693754E-03
   0.7421539E+00   0.1031046E+05   0.3044241E-05   0.5981642E+17   0.1862355E+05   0.1045256E+04   0.8387265E+04   0.1805638E+00   0.1916156E-08   0.4292813E+03   0.4292813E-03
   0.7703300E+00   0.1016357E+05   0.2722265E-05   0.6087882E+17   0.1792396E+05   0.1017367E+04   0.8228224E+04   0.1873228E+00   0.1820704E-08   0.3925743E+03   0.3925743E-03
   0.7995759E+00   0.1001808E+05   0.2434343E-05   0.6195676E+17   0.1724972E+05   0.9901971E+03   0.8071982E+04   0.1943297E+00   0.1729933E-08   0.3589716E+03   0.3589716E-03
   0.8299321E+00   0.9873997E+04   0.2176874E-05   0.6305042E+17   0.1659996E+05   0.9637282E+03   0.7918496E+04   0.2015932E+00   0.1643618E-08   0.3282136E+03   0.3282136E-03
   0.8614407E+00   0.9731308E+04   0.1946636E-05   0.6415997E+17   0.1597383E+05   0.9379432E+03   0.7767721E+04   0.2091227E+00   0.1561543E-08   0.3000623E+03   0.3000623E-03
   0.8941457E+00   0.9590012E+04   0.1740749E-05   0.6528559E+17   0.1537050E+05   0.9128253E+03   0.7619616E+04   0.2169276E+00   0.1483502E-08   0.2742992E+03   0.2742992E-03
   0.9280922E+00   0.9450104E+04   0.1556638E-05   0.6642746E+17   0.1478917E+05   0.8883582E+03   0.7474138E+04   0.2250180E+00   0.1409299E-08   0.2507239E+03   0.2507239E-03
   0.9633276E+00   0.9311578E+04   0.1391999E-05   0.6758574E+17   0.1422909E+05   0.8645258E+03   0.7331244E+04   0.2334038E+00   0.1338749E-08   0.2291526E+03   0.2291526E-03
   0.9999006E+00   0.9174427E+04   0.1244774E-05   0.6876058E+17   0.1368949E+05   0.8413122E+03   0.7190892E+04   0.2420959E+00   0.1271673E-08   0.2094166E+03   0.2094166E-03
   0.1037862E+01   0.9038643E+04   0.1113119E-05   0.6995215E+17   0.1316966E+05   0.8187021E+03   0.7053041E+04   0.2511050E+00   0.1207902E-08   0.1913616E+03   0.1913616E-03
   0.1077265E+01   0.8904217E+04   0.9953898E-06   0.7116059E+17   0.1266889E+05   0.7966804E+03   0.6917648E+04   0.2604424E+00   0.1147276E-08   0.1748457E+03   0.1748457E-03
   0.1118164E+01   0.8771138E+04   0.8901119E-06   0.7238604E+17   0.1218652E+05   0.7752323E+03   0.6784674E+04   0.2701198E+00   0.1089640E-08   0.1597392E+03   0.1597392E-03
   0.1160615E+01   0.8639395E+04   0.7959688E-06   0.7362864E+17   0.1172188E+05   0.7543435E+03   0.6654076E+04   0.2801493E+00   0.1034850E-08   0.1459229E+03   0.1459229E-03
   0.1204678E+01   0.8508976E+04   0.7117827E-06   0.7488849E+17   0.1127434E+05   0.7339997E+03   0.6525816E+04   0.2905433E+00   0.9827661E-09   0.1332877E+03   0.1332877E-03
   0.1250415E+01   0.8379869E+04   0.6365007E-06   0.7616572E+17   0.1084330E+05   0.7141872E+03   0.6399852E+04   0.3013147E+00   0.9332558E-09   0.1217337E+03   0.1217337E-03
   0.1297887E+01   0.8252061E+04   0.5691809E-06   0.7746043E+17   0.1042816E+05   0.6948924E+03   0.6276144E+04   0.3124767E+00   0.8861935E-09   0.1111693E+03   0.1111693E-03
   0.1347162E+01   0.8125536E+04   0.5089812E-06   0.7877269E+17   0.1002834E+05   0.6761023E+03   0.6154655E+04   0.3240430E+00   0.8414593E-09   0.1015105E+03   0.1015105E-03
   0.1398307E+01   0.8000280E+04   0.4551485E-06   0.8010259E+17   0.9643299E+04   0.6578038E+03   0.6035343E+04   0.3360278E+00   0.7989392E-09   0.9268042E+02   0.9268042E-04
   0.1451394E+01   0.7876278E+04   0.4070095E-06   0.8145018E+17   0.9272499E+04   0.6399844E+03   0.5918172E+04   0.3484457E+00   0.7585246E-09   0.8460873E+02   0.8460873E-04
   0.1506497E+01   0.7753514E+04   0.3639619E-06   0.8281550E+17   0.8915426E+04   0.6226317E+03   0.5803102E+04   0.3613117E+00   0.7201124E-09   0.7723089E+02   0.7723089E-04
   0.1563692E+01   0.7631970E+04   0.3254673E-06   0.8419858E+17   0.8571580E+04   0.6057337E+03   0.5690096E+04   0.3746414E+00   0.6836041E-09   0.7048785E+02   0.7048785E-04
   0.1623058E+01   0.7511630E+04   0.2910441E-06   0.8559940E+17   0.8240481E+04   0.5892786E+03   0.5579117E+04   0.3884507E+00   0.6489064E-09   0.6432552E+02   0.6432552E-04
   0.1684678E+01   0.7392476E+04   0.2602617E-06   0.8701795E+17   0.7921664E+04   0.5732550E+03   0.5470127E+04   0.4027561E+00   0.6159303E-09   0.5869440E+02   0.5869440E-04
   0.1748637E+01   0.7274489E+04   0.2327350E-06   0.8845419E+17   0.7614681E+04   0.5576515E+03   0.5363089E+04   0.4175745E+00   0.5845912E-09   0.5354916E+02   0.5354916E-04
   0.1815025E+01   0.7157652E+04   0.2081196E-06   0.8990804E+17   0.7319098E+04   0.5424573E+03   0.5257968E+04   0.4329236E+00   0.5548085E-09   0.4884829E+02   0.4884829E-04
   0.1883933E+01   0.7041946E+04   0.1861078E-06   0.9137940E+17   0.7034497E+04   0.5276615E+03   0.5154727E+04   0.4488211E+00   0.5265058E-09   0.4455381E+02   0.4455381E-04
   0.1955457E+01   0.6927351E+04   0.1664240E-06   0.9286814E+17   0.6760475E+04   0.5132537E+03   0.5053331E+04   0.4652856E+00   0.4996102E-09   0.4063097E+02   0.4063097E-04
   0.2029697E+01   0.6813848E+04   0.1488221E-06   0.9437409E+17   0.6496642E+04   0.4992237E+03   0.4953745E+04   0.4823361E+00   0.4740524E-09   0.3704793E+02   0.3704793E-04
   0.2106755E+01   0.6701417E+04   0.1330818E-06   0.9589705E+17   0.6242623E+04   0.4855614E+03   0.4855933E+04   0.4999921E+00   0.4497666E-09   0.3377559E+02   0.3377559E-04
   0.2186739E+01   0.6590038E+04   0.1190064E-06   0.9743678E+17   0.5998055E+04   0.4722572E+03   0.4759862E+04   0.5182737E+00   0.4266901E-09   0.3078731E+02   0.3078731E-04
   0.2269759E+01   0.6479693E+04   0.1064196E-06   0.9899298E+17   0.5762589E+04   0.4593013E+03   0.4665498E+04   0.5372013E+00   0.4047633E-09   0.2805869E+02   0.2805869E-04
   0.2355931E+01   0.6370360E+04   0.9516407E-07   0.1005653E+18   0.5535887E+04   0.4466846E+03   0.4572806E+04   0.5567960E+00   0.3839296E-09   0.2556746E+02   0.2556746E-04
   0.2445375E+01   0.6262019E+04   0.8509899E-07   0.1021534E+18   0.5317624E+04   0.4343978E+03   0.4481754E+04   0.5770794E+00   0.3641351E-09   0.2329318E+02   0.2329318E-04
   0.2538215E+01   0.6154652E+04   0.7609846E-07   0.1037568E+18   0.5107485E+04   0.4224322E+03   0.4392307E+04   0.5980736E+00   0.3453286E-09   0.2121722E+02   0.2121722E-04
   0.2634579E+01   0.6048237E+04   0.6804986E-07   0.1053751E+18   0.4905169E+04   0.4107789E+03   0.4304435E+04   0.6198011E+00   0.3274615E-09   0.1932248E+02   0.1932248E-04
   0.2734602E+01   0.5942755E+04   0.6085254E-07   0.1070076E+18   0.4710384E+04   0.3994296E+03   0.4218104E+04   0.6422850E+00   0.3104873E-09   0.1759336E+02   0.1759336E-04
   0.2838422E+01   0.5838188E+04   0.5441644E-07   0.1086537E+18   0.4522847E+04   0.3883758E+03   0.4133283E+04   0.6655487E+00   0.2943621E-09   0.1601557E+02   0.1601557E-04
   0.2946183E+01   0.5734514E+04   0.4866106E-07   0.1103127E+18   0.4342287E+04   0.3776095E+03   0.4049939E+04   0.6896163E+00   0.2790441E-09   0.1457606E+02   0.1457606E-04
   0.3058036E+01   0.5631716E+04   0.4351439E-07   0.1119838E+18   0.4168444E+04   0.3671226E+03   0.3968041E+04   0.7145120E+00   0.2644935E-09   0.1326287E+02   0.1326287E-04
   0.3174136E+01   0.5529775E+04   0.3891207E-07   0.1136661E+18   0.4001065E+04   0.3569076E+03   0.3887559E+04   0.7402605E+00   0.2506725E-09   0.1206510E+02   0.1206510E-04
   0.3294643E+01   0.5428673E+04   0.3479652E-07   0.1153587E+18   0.3839906E+04   0.3469566E+03   0.3808460E+04   0.7668870E+00   0.2375451E-09   0.1097274E+02   0.1097274E-04
   0.3419725E+01   0.5328392E+04   0.3111625E-07   0.1170604E+18   0.3684732E+04   0.3372624E+03   0.3730716E+04   0.7944167E+00   0.2250772E-09   0.9976683E+01   0.9976683E-05
   0.3549556E+01   0.5228916E+04   0.2782522E-07   0.1187700E+18   0.3535318E+04   0.3278174E+03   0.3654293E+04   0.8228751E+00   0.2132365E-09   0.9068567E+01   0.9068567E-05
   0.3684317E+01   0.5130230E+04   0.2488227E-07   0.1204861E+18   0.3391443E+04   0.3186146E+03   0.3579163E+04   0.8522877E+00   0.2019921E-09   0.8240766E+01   0.8240766E-05
   0.3824193E+01   0.5032321E+04   0.2225059E-07   0.1222073E+18   0.3252897E+04   0.3096466E+03   0.3505293E+04   0.8826802E+00   0.1913149E-09   0.7486307E+01   0.7486307E-05
   0.3969380E+01   0.4935177E+04   0.1989724E-07   0.1239316E+18   0.3119472E+04   0.3009064E+03   0.3432652E+04   0.9140776E+00   0.1811772E-09   0.6798815E+01   0.6798815E-05
   0.4120079E+01   0.4838793E+04   0.1779280E-07   0.1256572E+18   0.2990969E+04   0.2923866E+03   0.3361206E+04   0.9465047E+00   0.1715529E-09   0.6172464E+01   0.6172464E-05
   0.4276499E+01   0.4743164E+04   0.1591094E-07   0.1273815E+18   0.2867191E+04   0.2840799E+03   0.3290921E+04   0.9799850E+00   0.1624174E-09   0.5601931E+01   0.5601931E-05
   0.4438858E+01   0.4648294E+04   0.1422811E-07   0.1291017E+18   0.2747946E+04   0.2759785E+03   0.3221760E+04   0.1014541E+01   0.1537474E-09   0.5082351E+01   0.5082351E-05
   0.4607381E+01   0.4554194E+04   0.1272326E-07   0.1308146E+18   0.2633043E+04   0.2680746E+03   0.3153684E+04   0.1050192E+01   0.1455213E-09   0.4609282E+01   0.4609282E-05
   0.4782302E+01   0.4460882E+04   0.1137758E-07   0.1325160E+18   0.2522294E+04   0.2603596E+03   0.3086648E+04   0.1086956E+01   0.1377186E-09   0.4178660E+01   0.4178660E-05
   0.4963863E+01   0.4368382E+04   0.1017423E-07   0.1342011E+18   0.2415513E+04   0.2528247E+03   0.3020604E+04   0.1124846E+01   0.1303201E-09   0.3786774E+01   0.3786774E-05
   0.5152318E+01   0.4276727E+04   0.9098144E-08   0.1358643E+18   0.2312513E+04   0.2454605E+03   0.2955502E+04   0.1163871E+01   0.1233078E-09   0.3430232E+01   0.3430232E-05
   0.5347928E+01   0.4185951E+04   0.8135875E-08   0.1374988E+18   0.2213113E+04   0.2382574E+03   0.2891285E+04   0.1204034E+01   0.1166646E-09   0.3105929E+01   0.3105929E-05
   0.5550964E+01   0.4096090E+04   0.7275380E-08   0.1390971E+18   0.2117134E+04   0.2312057E+03   0.2827895E+04   0.1245332E+01   0.1103743E-09   0.2811026E+01   0.2811026E-05
   0.5761708E+01   0.4007167E+04   0.6505895E-08   0.1406505E+18   0.2024405E+04   0.2242956E+03   0.2765272E+04   0.1287758E+01   0.1044208E-09   0.2542922E+01   0.2542922E-05
   0.5980454E+01   0.3919192E+04   0.5817796E-08   0.1421499E+18   0.1934766E+04   0.2175183E+03   0.2703357E+04   0.1331294E+01   0.9878851E-10   0.2299235E+01   0.2299235E-05
   0.6207504E+01   0.3832148E+04   0.5202474E-08   0.1435856E+18   0.1848070E+04   0.2108659E+03   0.2642094E+04   0.1375920E+01   0.9346152E-10   0.2077781E+01   0.2077781E-05
   0.6443174E+01   0.3745979E+04   0.4652232E-08   0.1449479E+18   0.1764189E+04   0.2043322E+03   0.2581438E+04   0.1421611E+01   0.8842362E-10   0.1876558E+01   0.1876558E-05
   0.6687791E+01   0.3660587E+04   0.4160186E-08   0.1462276E+18   0.1683016E+04   0.1979134E+03   0.2521351E+04   0.1468340E+01   0.8365805E-10   0.1693732E+01   0.1693732E-05
   0.6941696E+01   0.3575821E+04   0.3720182E-08   0.1474167E+18   0.1604469E+04   0.1916078E+03   0.2461812E+04   0.1516081E+01   0.7914745E-10   0.1527626E+01   0.1527626E-05
   0.7205240E+01   0.3491477E+04   0.3326715E-08   0.1485086E+18   0.1528487E+04   0.1854169E+03   0.2402813E+04   0.1564812E+01   0.7487398E-10   0.1376706E+01   0.1376706E-05
   0.7478789E+01   0.3407307E+04   0.2974863E-08   0.1494985E+18   0.1455033E+04   0.1793443E+03   0.2344367E+04   0.1614514E+01   0.7081955E-10   0.1239580E+01   0.1239580E-05
   0.7762724E+01   0.3323026E+04   0.2660225E-08   0.1503841E+18   0.1384088E+04   0.1733962E+03   0.2286499E+04   0.1665181E+01   0.6696624E-10   0.1114983E+01   0.1114983E-05
   0.8057439E+01   0.3238336E+04   0.2378865E-08   0.1511648E+18   0.1315643E+04   0.1675800E+03   0.2229247E+04   0.1716813E+01   0.6329693E-10   0.1001773E+01   0.1001773E-05
   0.8363342E+01   0.3152957E+04   0.2127263E-08   0.1518415E+18   0.1249693E+04   0.1619032E+03   0.2172656E+04   0.1769417E+01   0.5979595E-10   0.8989259E+00   0.8989259E-06
   0.8680860E+01   0.3066661E+04   0.1902272E-08   0.1524153E+18   0.1186226E+04   0.1563722E+03   0.2116766E+04   0.1822998E+01   0.5644991E-10   0.8055253E+00   0.8055253E-06
   0.9010432E+01   0.2979320E+04   0.1701078E-08   0.1528857E+18   0.1125204E+04   0.1509899E+03   0.2061602E+04   0.1877555E+01   0.5324862E-10   0.7207562E+00   0.7207562E-06
   0.9352516E+01   0.2890963E+04   0.1521162E-08   0.1532477E+18   0.1066557E+04   0.1457535E+03   0.2007157E+04   0.1933051E+01   0.5018605E-10   0.6438963E+00   0.6438963E-06
   0.9707587E+01   0.2801833E+04   0.1360276E-08   0.1534876E+18   0.1010158E+04   0.1406511E+03   0.1953367E+04   0.1989391E+01   0.4726133E-10   0.5743067E+00   0.5743067E-06
   0.1007614E+02   0.2712446E+04   0.1216405E-08   0.1535779E+18   0.9558074E+03   0.1356589E+03   0.1900091E+04   0.2046374E+01   0.4447950E-10   0.5114215E+00   0.5114215E-06
   0.1045868E+02   0.2623537E+04   0.1087752E-08   0.1534769E+18   0.9032550E+03   0.1307431E+03   0.1847117E+04   0.2103678E+01   0.4184963E-10   0.4547270E+00   0.4547270E-06
   0.1085575E+02   0.2535198E+04   0.9727052E-09   0.1531772E+18   0.8524857E+03   0.1259038E+03   0.1794456E+04   0.2161185E+01   0.3936441E-10   0.4036821E+00   0.4036821E-06
   0.1126789E+02   0.2439234E+04   0.8698265E-09   0.1531903E+18   0.8062134E+03   0.1215735E+03   0.1745075E+04   0.2222530E+01   0.3682897E-10   0.3571809E+00   0.3571809E-06
   0.1169568E+02   0.4169339E+04   0.7778289E-09   0.1507304E+18   0.7988201E+03   0.1074676E+03   0.1737055E+04   0.2339491E+01   0.5980390E-10   0.5746814E+00   0.5746814E-06
   0.1213971E+02   0.3835976E+04   0.6955614E-09   0.1549532E+18   0.7378997E+03   0.1030965E+03   0.1669505E+04   0.2377770E+01   0.5413644E-10   0.4805468E+00   0.4805468E-06
   0.1260060E+02   0.3530649E+04   0.6219950E-09   0.1592751E+18   0.6816799E+03   0.9890524E+02   0.1604647E+04   0.2416773E+01   0.4902330E-10   0.4020052E+00   0.4020052E-06
   0.1307899E+02   0.3250949E+04   0.5562094E-09   0.1637009E+18   0.6298413E+03   0.9489163E+02   0.1542427E+04   0.2456605E+01   0.4440773E-10   0.3364638E+00   0.3364638E-06
   0.1357554E+02   0.2994674E+04   0.4973816E-09   0.1682372E+18   0.5820794E+03   0.9105285E+02   0.1482792E+04   0.2497383E+01   0.4023908E-10   0.2817598E+00   0.2817598E-06
   0.1409094E+02   0.2759816E+04   0.4447758E-09   0.1728921E+18   0.5381075E+03   0.8738584E+02   0.1425685E+04   0.2539235E+01   0.3647212E-10   0.2360906E+00   0.2360906E-06
   0.1462591E+02   0.2544546E+04   0.3977339E-09   0.1776759E+18   0.4976556E+03   0.8388735E+02   0.1371051E+04   0.2582303E+01   0.3306641E-10   0.1979541E+00   0.1979541E-06
   0.1518118E+02   0.2347198E+04   0.3556674E-09   0.1826017E+18   0.4604702E+03   0.8055392E+02   0.1318833E+04   0.2626744E+01   0.2998581E-10   0.1660986E+00   0.1660986E-06
   0.1575754E+02   0.2166254E+04   0.3180500E-09   0.1876859E+18   0.4263130E+03   0.7738184E+02   0.1268976E+04   0.2672733E+01   0.2719803E-10   0.1394809E+00   0.1394809E-06
   0.1635578E+02   0.2000332E+04   0.2844113E-09   0.1929485E+18   0.3949599E+03   0.7436714E+02   0.1221422E+04   0.2720458E+01   0.2467423E-10   0.1172318E+00   0.1172318E-06
   0.1697674E+02   0.1848174E+04   0.2543304E-09   0.1984141E+18   0.3662004E+03   0.7150552E+02   0.1176112E+04   0.2770124E+01   0.2238862E-10   0.9862675E-01   0.9862675E-07
   0.1762126E+02   0.1708635E+04   0.2274310E-09   0.2041127E+18   0.3398362E+03   0.6879236E+02   0.1132985E+04   0.2821948E+01   0.2031814E-10   0.8306199E-01   0.8306199E-07
   0.1829026E+02   0.1580672E+04   0.2033767E-09   0.2100804E+18   0.3156812E+03   0.6622265E+02   0.1091977E+04   0.2876158E+01   0.1844220E-10   0.7003417E-01   0.7003417E-07
   0.1898466E+02   0.1463334E+04   0.1818664E-09   0.2163606E+18   0.2935603E+03   0.6379104E+02   0.1053023E+04   0.2932995E+01   0.1674233E-10   0.5912374E-01   0.5912374E-07
   0.1970542E+02   0.1355756E+04   0.1626312E-09   0.2230048E+18   0.2733091E+03   0.6149179E+02   0.1016053E+04   0.2992706E+01   0.1520202E-10   0.4998089E-01   0.4998089E-07
   0.2045354E+02   0.1257146E+04   0.1454305E-09   0.2300734E+18   0.2547733E+03   0.5931881E+02   0.9809935E+03   0.3055542E+01   0.1380643E-10   0.4231399E-01   0.4231399E-07
   0.2123007E+02   0.1166782E+04   0.1300489E-09   0.2376374E+18   0.2378084E+03   0.5726570E+02   0.9477695E+03   0.3121757E+01   0.1254222E-10   0.3587982E-01   0.3587982E-07
   0.2203607E+02   0.1084001E+04   0.1162942E-09   0.2457787E+18   0.2222791E+03   0.5532579E+02   0.9163016E+03   0.3191605E+01   0.1139736E-10   0.3047556E-01   0.3047556E-07
   0.2287268E+02   0.1008195E+04   0.1039943E-09   0.2545915E+18   0.2080593E+03   0.5349219E+02   0.8865081E+03   0.3265335E+01   0.1036097E-10   0.2593202E-01   0.2593202E-07
   0.2374105E+02   0.9388031E+03   0.9299531E-10   0.2641831E+18   0.1950316E+03   0.5175791E+02   0.8583051E+03   0.3343189E+01   0.9423176E-11   0.2210808E-01   0.2210808E-07
   0.2464239E+02   0.8753079E+03   0.8315961E-10   0.2746746E+18   0.1830872E+03   0.5011592E+02   0.8316070E+03   0.3425403E+01   0.8574975E-11   0.1888598E-01   0.1888598E-07
   0.2557795E+02   0.8172299E+03   0.7436419E-10   0.2862026E+18   0.1721253E+03   0.4855924E+02   0.8063277E+03   0.3512202E+01   0.7808157E-11   0.1616747E-01   0.1616747E-07
   0.2654902E+02   0.7641241E+03   0.6649903E-10   0.2989194E+18   0.1620535E+03   0.4708106E+02   0.7823812E+03   0.3603799E+01   0.7115200E-11   0.1387057E-01   0.1387057E-07
   0.2755697E+02   0.7155769E+03   0.5946572E-10   0.3129954E+18   0.1527868E+03   0.4567483E+02   0.7596825E+03   0.3700399E+01   0.6489205E-11   0.1192686E-01   0.1192686E-07
