   3002.9173008625062       0.47456930000000003        29354.590000000000       0.99771697851569652        34.960627368564602       8.23078480588272690E-012
   3002.9173008625062       0.49258649999999998        28271.770000000000       0.99997525988774771        34.960627368564602       8.23078480588272690E-012
   3002.9173008625062       0.51128770000000001        27227.130000000001        1.0027247853611676        34.960627368564602       8.23078480588272690E-012
   3002.9173008625062       0.53069889999999997        26219.450000000001        1.0060351393980862        34.960627368564602       8.23078480588272690E-012
   3002.9173008625062       0.55084710000000003        25247.490000000002        1.0099837019180815        34.960627368564602       8.23078480588272690E-012
   3002.9173008625062       0.57176020000000005        24310.090000000000        1.0146562271779200        34.960627368564602       8.23078480588272690E-012
   3002.9173008625062       0.59346730000000003        23406.099999999999        1.0201474604657490        34.960627368564602       8.23078480588272690E-012
   3002.9173008625062       0.61599850000000000        22534.410000000000        1.0265617593637042        34.960627368564602       8.23078480588272690E-012
   3002.9173008625062       0.63938510000000004        21693.930000000000        1.0340137078587697        34.960627368564602       8.23078480588272690E-012
   3002.9173008625062       0.66365960000000002        20883.599999999999        1.0426287271853514        34.960627368564602       8.23078480588272690E-012
   3002.9173008625062       0.68885569999999996        20102.419999999998        1.0525436806389483        34.960627368564602       8.23078480588272690E-012
   3002.9173008625062       0.71500830000000004        19349.389999999999        1.0639074840327565        34.960627368564602       8.23078480588272690E-012
   3002.9173008625062       0.74215390000000003        18623.549999999999        1.0768816541235275        34.960627368564602       8.23078480588272690E-012
   3002.9173008625062       0.77032999999999996        17923.959999999999        1.0916408792556926        34.960627368564602       8.23078480588272690E-012
   3002.9173008625062       0.79957590000000001        17249.720000000001        1.1083735536164321        34.960627368564602       8.23078480588272690E-012
   3002.9173008625062       0.82993209999999995        16599.959999999999        1.1272821991799866        34.960627368564602       8.23078480588272690E-012
   3002.9173008625062       0.86144069999999995        15973.830000000000        1.1485839281574983        34.960627368564602       8.23078480588272690E-012
   3002.9173008625062       0.89414570000000004        15370.500000000000        1.1725108718570769        34.960627368564602       8.23078480588272690E-012
   3002.9173008625062       0.92809220000000003        14789.170000000000        1.1993104520193680        34.960627368564602       8.23078480588272690E-012
   3002.9173008625062       0.96332759999999995        14229.090000000000        1.2292456707165811        34.960627368564602       8.23078480588272690E-012
   3002.9173008625062       0.99990060000000003        13689.490000000000        1.2625953127342586        34.960627368564602       8.23078480588272690E-012
   3002.9173008625062        1.0378620000000001        13169.660000000000        1.2996540283418956        34.960627368564602       8.23078480588272690E-012
   3002.9173008625062        1.0772649999999999        12668.889999999999        1.3407324778387781        34.960627368564602       8.23078480588272690E-012
   3002.9173008625062        1.1181639999999999        12186.520000000000        1.3861572589328046        34.960627368564602       8.23078480588272690E-012
   3002.9173008625062        1.1606150000000000        11721.879999999999        1.4362706251394068        34.960627368564602       8.23078480588272690E-012
   3002.9173008625062        1.2046779999999999        11274.340000000000        1.4914304453250993        34.960627368564602       8.23078480588272690E-012
   3002.9173008625062        1.2504150000000001        10843.299999999999        1.5520101249150517        34.960627368564602       8.23078480588272690E-012
   3002.9173008625062        1.2978870000000000        10428.160000000000        1.6183977645606831        34.960627368564602       8.23078480588272690E-012
   3002.9173008625062        1.3471620000000000        10028.340000000000        1.6909957979526404        34.960627368564602       8.23078480588272690E-012
   3002.9173008625062        1.3983070000000000        9643.2990000000009        1.7702206433829135        34.960627368564602       8.23078480588272690E-012
   3002.9173008625062        1.4513940000000001        9272.4989999999998        1.8565017763667275        34.960627368564602       8.23078480588272690E-012
   3002.9173008625062        1.5064970000000000        8915.4259999999995        1.9502813013461273        34.960627368564602       8.23078480588272690E-012
   3002.9173008625062        1.5636920000000001        8571.5799999999999        2.0520129401662617        34.960627368564602       8.23078480588272690E-012
   3002.9173008625062        1.6230579999999999        8240.4809999999998        2.1621608931580427        34.960627368564602       8.23078480588272690E-012
   3002.9173008625062        1.6846779999999999        7921.6639999999998        2.2811990640300164        34.960627368564602       8.23078480588272690E-012
   3002.9173008625062        1.7486370000000000        7614.6809999999996        2.4096100787514732        34.960627368564602       8.23078480588272690E-012
   3002.9173008625062        1.8150250000000001        7319.0980000000000        2.5478841181884677        34.960627368564602       8.23078480588272690E-012
   3002.9173008625062        1.8839330000000001        7034.4970000000003        2.6965176142593226        34.960627368564602       8.23078480588272690E-012
   3002.9173008625062        1.9554570000000000        6760.4750000000004        2.8560119592526334        34.960627368564602       8.23078480588272690E-012
   3002.9173008625062        2.0296970000000001        6496.6419999999998        3.0268725140496846        34.960627368564602       8.23078480588272690E-012
   3002.9173008625062        2.1067550000000002        6242.6229999999996        3.2096070650410478        34.960627368564602       8.23078480588272690E-012
   3002.9173008625062        2.1867390000000002        5998.0550000000003        3.4047245534374051        34.960627368564602       8.23078480588272690E-012
   3002.9173008625062        2.2697590000000001        5762.5889999999999        3.6127335606280351        34.960627368564602       8.23078480588272690E-012
   3002.9173008625062        2.3559310000000000        5535.8869999999997        3.8341410593683851        34.960627368564602       8.23078480588272690E-012
   3002.9173008625062        2.4453749999999999        5317.6239999999998        4.0694513882659393        34.960627368564602       8.23078480588272690E-012
   3002.9173008625062        2.5382150000000001        5107.4849999999997        4.3191645475744531        34.960627368564602       8.23078480588272690E-012
   3002.9173008625062        2.6345790000000000        4905.1689999999999        4.5837747052580191        34.960627368564602       8.23078480588272690E-012
   3002.9173008625062        2.7346020000000002        4710.3840000000000        4.8637691730698958        34.960627368564602       8.23078480588272690E-012
   3002.9173008625062        2.8384220000000000        4522.8469999999998        5.1596270601013146        34.960627368564602       8.23078480588272690E-012
   3002.9173008625062        2.9461830000000000        4342.2870000000003        5.4718180835242478        34.960627368564602       8.23078480588272690E-012
   3002.9173008625062        3.0580360000000000        4168.4440000000004        5.8008018099634384        34.960627368564602       8.23078480588272690E-012
   3002.9173008625062        3.1741359999999998        4001.0650000000001        6.1470261548199856        34.960627368564602       8.23078480588272690E-012
   3002.9173008625062        3.2946430000000002        3839.9059999999999        6.5109263193550966        34.960627368564602       8.23078480588272690E-012
   3002.9173008625062        3.4197250000000001        3684.7320000000000        6.8929240378090846        34.960627368564602       8.23078480588272690E-012
   3002.9173008625062        3.5495559999999999        3535.3180000000002        7.2934270454675669        34.960627368564602       8.23078480588272690E-012
   3002.9173008625062        3.6843170000000001        3391.4430000000002        7.7128281565357444        34.960627368564602       8.23078480588272690E-012
   3002.9173008625062        3.8241930000000002        3252.8969999999999        8.1515042033952643        34.960627368564602       8.23078480588272690E-012
   3002.9173008625062        3.9693800000000001        3119.4720000000002        8.6098160030658164        34.960627368564602       8.23078480588272690E-012
   3002.9173008625062        4.1200789999999996        2990.9690000000001        9.0881076039286501        34.960627368564602       8.23078480588272690E-012
   3002.9173008625062        4.2764990000000003        2867.1909999999998        9.5867053602589625        34.960627368564602       8.23078480588272690E-012
   3002.9173008625062        4.4388579999999997        2747.9459999999999        10.105917820965631        34.960627368564602       8.23078480588272690E-012
   3002.9173008625062        4.6073810000000002        2633.0430000000001        10.646034358062076        34.960627368564602       8.23078480588272690E-012
   3002.9173008625062        4.7823019999999996        2522.2939999999999        11.207324239307631        34.960627368564602       8.23078480588272690E-012
   3002.9173008625062        4.9638629999999999        2415.5129999999999        11.790036968181226        34.960627368564602       8.23078480588272690E-012
   3002.9173008625062        5.1523180000000002        2312.5129999999999        12.394401773549019        34.960627368564602       8.23078480588272690E-012
   3002.9173008625062        5.3479279999999996        2213.1129999999998        13.020628490940418        34.960627368564602       8.23078480588272690E-012
   3002.9173008625062        5.5509639999999996        2117.1340000000000        13.668910068825182        34.960627368564602       8.23078480588272690E-012
   3002.9173008625062        5.7617079999999996        2024.4050000000000        14.339428814845153        34.960627368564602       8.23078480588272690E-012
   3002.9173008625062        5.9804539999999999        1934.7660000000001        15.032366086461877        34.960627368564602       8.23078480588272690E-012
   3002.9173008625062        6.2075040000000001        1848.0699999999999        15.747916211529493        34.960627368564602       8.23078480588272690E-012
   3002.9173008625062        6.4431740000000000        1764.1890000000001        16.486308699768632        34.960627368564602       8.23078480588272690E-012
   3002.9173008625062        6.6877909999999998        1683.0160000000001        17.247836611829072        34.960627368564602       8.23078480588272690E-012
   3002.9173008625062        6.9416960000000003        1604.4690000000001        18.032892088497906        34.960627368564602       8.23078480588272690E-012
   3002.9173008625062        7.2052399999999999        1528.4870000000001        18.842010621154472        34.960627368564602       8.23078480588272690E-012
   3002.9173008625062        7.4787889999999999        1455.0329999999999        19.675919164162593        34.960627368564602       8.23078480588272690E-012
   3002.9173008625062        7.7627240000000004        1384.0880000000000        20.535587603010747        34.960627368564602       8.23078480588272690E-012
   3002.9173008625062        8.0574390000000005        1315.6430000000000        21.422282555749504        34.960627368564602       8.23078480588272690E-012
   3002.9173008625062        8.3633419999999994        1249.6930000000000        22.337613441653726        34.960627368564602       8.23078480588272690E-012
   3002.9173008625062        8.6808599999999991        1186.2260000000001        23.283569411739119        34.960627368564602       8.23078480588272690E-012
   3002.9173008625062        9.0104319999999998        1125.2040000000000        24.262538328340749        34.960627368564602       8.23078480588272690E-012
   3002.9173008625062        9.3525159999999996        1066.5570000000000        25.277291374427723        34.960627368564602       8.23078480588272690E-012
   3002.9173008625062        9.7075870000000002        1010.1580000000000        26.330921039958117        34.960627368564602       8.23078480588272690E-012
